8412688094111
8412688424641
8412688000050
8412688029204
8412688409204
8412688019205
8412688029259
8412688019250
8412688409303
8412688029303
8412688409501
8412688409600
8412497746316
8436624200151
8436020251108
5205698695261
8436624201226
8436624201233
5205698695360
5205698846762
8412688633401
8412688633319
8412688671694
8412688599905
8412688611010
8412688611027
8412688611034
8412688611041
8412688490936
8412688490943
8412688490950
8412688490967
8412688490974
8412688490981
8412688490998
8412688491148
8412688491162
8412688491001
8412688491018
8412688491025
8412688491032
8412688491049
8412688491056
8412688491063
8412688491070
8412688491087
8412688491094
8412688491100
8412688491117
8412688491124
8412688667789
8412688674442
8412688674459
8412688658909
8412688674367
8412688674350
8412688674374
8412688655304
8412688665198
8412688674381
8412688674404
8412688674411
8412688674435
8412688674428
8412688674466
8412688674473
8412688674763
8412688674770