8412688677481
8412688677443
8412688679416
8412688679485
8412688656042
8412688655984
8412688661022
8412688656035
8412688656011
8412688677450
8412688677382
8412688667482
8412688655977
8412688655946
8412688655960
8412688655953
8412688656004
8412688678884
8412688678815
8412688677474
8412688677399
8412688661145
8412688661077
8412688661206
8412688661152
8412688661084
8412688677498
8412688677436
8412688667536
8412688661091
8412688661107
8412688661114
8412688661121
8412688661176
8412688661183
8412688661138
8412688678952
8412688679027
8412688680368
8412688680429
8412688657308
8412688657230
8412688657322
8412688657315
8412688657247
8412688657131
8412688657254
8412688657261
8412688657148
8412688657155
8412688657162
8412688657179
8412688657292
8412688657278
8412688657285
8412688657186
8412688657087
8412688657117
8412688657223
8412688657216
8412688657193
8412688679713
8412688679782
8412688652341
8412688659708
8412688652273
8412688652310
8412688652334
8412688652266
8412688652259
8412688652242
8412688652327
8412688680351
8412688680412
8412688673049
8412688672974
8412688672981
8412688672905
8412688672912
8412688672929
8412688673025
8412688673001
8412688672936
8412688673018
8412688672943
8412688673032
8412688672882
8412688672950
8412688657407
8412688657339
8412688661039
8412688657414
8412688657346
8412688657421
8412688667512
8412688657353
8412688657360
8412688657377
8412688657384
8412688657391
8412688679256
8412688679331
8412688680344
8412688680405
8412688679171
8412688679102
8412688656158
8412688656103
8412688661046
8412688656141
8412688656127
8412688677511
8412688677412
8412688667529
8412688656080
8412688656059
8412688656073
8412688656066
8412688656110
8412688678747
8412688678679
8412688680375
8412688680436
8412688653645
8412688653652
8412688654000
8412688653584
8412688653591
8412688653607
8412688653614
8412688654079
8412688654017
8412688653669
8412688653874
8412688653843
8412688653676
8412688653683
8412688653713
8412688653720
8412688653898
8412688653904
8412688654062
8412688653911
8412688653928
8412688653935
8412688653850
8412688653737
8412688653942
8412688654031
8412688653966
8412688653744
8412688653621
8412688653751
8412688653706
8412688653638
8412688653768
8412688653973
8412688654086
8412688653775
8412688653997
8412688653782
8412688653539
8412688653515
8412688653980
8412688653812
8412688653829
8412688679850
8412688679935
8412688680221
8412688680238
8412688679560
8412688679645
8412688680337
8412688680382
8412688656325
8412688656332
8412688661053
8412688656424
8412688656271
8412688656288
8412688656295
8412688656301
8412688656318
8412688656400
8412688656349
8412688680146
8412688680153
8412688667505
8412688656356
8412688656363
8412688656370
8412688656387
8412688656394
8412688673070
8412688673186
8412688673209
8412688673087
8412688673100
8412688673117
8412688673124
8412688673216
8412688673131
8412688673223
8412688673148
8412688673155
8412688673056
8412688673162
8412688673254
8412688673360
8412688673377
8412688673261
8412688673278
8412688673285
8412688673308
8412688673384
8412688673315
8412688673407
8412688673322
8412688673339
8412688673230
8412688673346
8412688680061
8412688680085
8412688680092
8412688680108
8412688680115
8412688680078
8412688679980
8412688680009
8412688680016
8412688680122
8412688680139
8412688680023
8412688680030
8412688679966
8412688680047
8412688658053
8412688658060
8412688658046
8412688656257
8412688656219
8412688661060
8412688656264
8412688656233
8412688677528
8412688677405
8412688667543
8412688656202
8412688656165
8412688656172
8412688656189
8412688656226
8412688678532
8412688677962
8412688667802
8412688667826
8412688667819
8412688667840
8412688667864
8412688667857
8412688667871
8412688667901
8412688667888
8412688667918
8412688667932
8412688667925
8412688677740
8412688678600
8412688673742
8412688673674
8412688673728
8412688673735
8412688673780
8412688673773
8412688673681
8412688673704
8412688673711
8412688673766
8412688673612
8412688673629
8412688673636
8412688673643
8412688673650
8412688673759
8412688677535
8412688677139
8412688665242
8412688670789
8412688670352
8412688661329
8412688661374
8412688670369
8412688661466
8412688661282
8412688661367
8412688661435
8412688674671
8412688674763
8412688674688
8412688674770
8412688661237
8412688661404
8412688661350
8412688661411
8412688661343
8412688665235
8412688661299
8412688661381
8412688661244
8412688661428
8412688661305
8412688661312
8412688661251
8412688661336
8412688661275
8412688661213
8412688665228
8412688670345
8412688661268
8412688665259
8412688661749
8412688661626
8412688661671
8412688661770
8412688661701
8412688661572
8412688671113
8412688671120
8412688670772
8412688670734
8412688672196
8412688672127
8412688670949
8412688670956
8412688670741
8412688671144
8412688672134
8412688671083
8412688671090
8412688671106
8412688671991
8412688671014
8412688672035
8412688672042
8412688672059
8412688672189
8412688672066
8412688670758
8412688672141
8412688672158
8412688672073
8412688672165
8412688672172
8412688672080
8412688672202
8412688671021
8412688671038
8412688671045
8412688671052
8412688671069
8412688672097
8412688672011
8412688670710
8412688670727
8412688671076
8412688672103
8412688671281
8412688671298
8412688670765
8412688670406
8412688672752
8412688672677
8412688671151
8412688671168
8412688670420
8412688671311
8412688672684
8412688671830
8412688671847
8412688671250
8412688671267
8412688671274
8412688672004
8412688671175
8412688672585
8412688672592
8412688672608
8412688672745
8412688672615
8412688670413
8412688672707
8412688672714
8412688672622
8412688672721
8412688672738
8412688672639
8412688672769
8412688671182
8412688671205
8412688671212
8412688671229
8412688671236
8412688672660
8412688672561
8412688670376
8412688670383
8412688671786
8412688671793
8412688671243
8412688672646